   0.0000000e+00   8.8642257e-02   3.7607770e-02   1.1460336e-01  -4.4168084e-02  -1.1002216e-02  -3.0843652e-01   1.5719242e-01   3.0461033e-02  -1.9235282e-01   1.9631416e-01   2.0621851e-01  -1.0379035e-01  -1.6128160e-01   1.6548866e-01  -6.6723717e-02   1.5586158e-01  -7.4622918e-02  -8.4221530e-02  -8.1128795e-02   2.1949780e-02  -7.7145432e-02   2.3408683e-02  -2.0254907e-01  -7.1912694e-02  -8.9212697e-02  -8.4005976e-02  -3.3496947e-01  -6.5417455e-02  -1.4115091e-01   1.2677296e-01   1.5296702e-01  -1.3501748e-01  -3.9835980e-02   5.1600859e-01   6.7227962e-02  -7.8051096e-02   1.2232149e-01   5.0527728e-02   5.1777436e-02  -3.5709277e-01  -2.3062442e-02   6.5377385e-03  -1.7891273e-01   1.4216975e-01   1.6930677e-01  -1.2390321e-01  -9.4950028e-02   1.5681830e-01  -1.1480667e-01   1.7322651e-01  -2.6643543e-03  -1.1303995e-01   9.1837280e-03  -1.1624015e-01  -3.0770106e-01   3.3320194e-02  -1.9248874e-01  -2.0808536e-01  -1.9692003e-01  -1.2951384e-01  -2.6264555e-01   1.4042393e-01  -1.7017802e-01  -4.3428719e-02   1.6743592e-01  -1.1685146e-01  -2.1649588e-02
   8.8642257e-02   0.0000000e+00  -7.8504692e-02  -5.6568225e-02  -7.4313082e-03  -2.1742471e-01  -2.5819954e-01   1.9284066e-01   6.4815601e-02  -9.1177147e-02   1.2284958e-01   8.9751483e-02  -1.7354979e-01  -1.5228140e-01   2.3296625e-01  -7.9686367e-02  -2.2906053e-01   1.2082705e-01   1.1984830e-01  -3.1438425e-02  -1.7169893e-01  -1.6031934e-01   1.1143256e-02  -1.3656964e-01  -1.0360026e-01  -1.3300185e-01  -2.8855947e-02  -1.7129924e-01   8.5808729e-03  -1.6447566e-01   2.8728986e-02   1.0903498e-01  -1.8489248e-01  -2.0539823e-01   1.1351619e-01   1.5279623e-01  -1.7275839e-02   9.0543897e-02  -1.5933771e-01  -2.4620445e-01  -2.3954790e-01   1.4129592e-01   1.0906634e-01  -1.6554692e-01   8.1740142e-02   9.1800779e-02  -1.5734361e-01  -1.7014214e-01   6.6981980e-03  -1.7597538e-01  -2.0551415e-01  -5.3596678e-02   3.1833346e-02  -9.3220920e-02  -7.9023139e-02  -7.9441222e-02   2.6106110e-02  -1.1099168e-02  -1.8152110e-01  -6.6632779e-02  -9.6107574e-02  -2.7433596e-01  -1.2096732e-02  -1.9755777e-01   6.9889824e-02   2.1745011e-01  -1.2421072e-01  -9.5031821e-02
   3.7607770e-02  -7.8504692e-02   0.0000000e+00   4.0825538e-02   1.0310731e-01  -9.5309898e-02  -3.7352106e-02   1.5299959e-03   1.3704619e-01  -6.8393955e-02  -7.9325335e-02   1.2131645e-02   6.2126436e-02  -2.2619417e-01  -1.2021585e-01  -1.2040837e-01  -7.3455015e-02  -7.8435770e-02   6.0831450e-03   2.1701499e-02   1.6772202e-01   1.6211313e-01   2.6681241e-03  -3.2890698e-02   1.1368730e-01   2.2814460e-01  -3.0416949e-01  -1.1516773e-01  -6.6790747e-04   8.8868112e-03   6.2462492e-02  -1.0410584e-01  -1.4426846e-01   7.0720691e-02   1.6476494e-01  -7.3736190e-02   2.4640710e-01   1.3615034e-01   3.3705119e-03  -8.6091851e-02  -6.7863043e-02  -3.4577452e-02   2.6915731e-02  -1.7097704e-01   9.0833995e-02   6.6188233e-02   1.0939024e-01  -2.7793312e-01   7.4270412e-02  -1.0509983e-01  -1.8864558e-01  -1.0199442e-01  -1.0511416e-01   2.7575781e-02   1.3371235e-02   5.7849568e-02   1.2979588e-02  -1.3753677e-02   1.3626397e-01   2.8507391e-02  -3.0766467e-01  -5.2278384e-02   8.6471349e-02   2.2971521e-02   5.7212251e-02  -2.9375300e-02  -2.9517929e-01   2.4877097e-01
   1.1460336e-01  -5.6568225e-02   4.0825538e-02   0.0000000e+00  -2.8383632e-01  -1.1749149e-01   1.3099099e-01  -1.7408880e-01  -1.6782102e-01   5.8143727e-02  -1.6560555e-01   2.2485932e-02  -7.5073854e-02  -2.5286705e-01  -5.5614147e-02   3.9570059e-02  -7.5450421e-02   6.2589395e-02  -1.0906319e-01   1.4837995e-01   1.0223936e-02   2.8299370e-01  -2.4519868e-01   1.6236523e-01  -1.5076123e-01  -1.8090540e-01  -1.3642028e-01   3.4708817e-01   2.6962657e-01   7.2153892e-02  -6.0327687e-02   2.4734253e-02  -2.6477307e-02   3.1709218e-01   1.7126382e-01  -7.9534675e-02  -1.9575457e-01   5.1259930e-01  -1.1396519e-01   1.6234386e-03  -4.2019165e-02  -1.2483533e-01   3.3161103e-02   1.7132455e-01  -1.1165027e-01   1.3488721e-01  -2.0958342e-01  -1.1690368e-01   4.6809315e-02   1.1484611e-01   3.4125569e-02  -1.6661280e-02  -1.0435853e-01   4.7037453e-02  -3.6657090e-02   1.5853757e-01  -1.1637976e-01   2.1166978e-01  -1.3255228e-01  -2.7375819e-01  -1.1874562e-01   3.0096208e-01   1.8556164e-01   1.7414844e-01  -3.1733403e-02  -1.1121697e-01  -1.1171590e-01   1.0658244e-01
  -4.4168084e-02  -7.4313082e-03   1.0310731e-01  -2.8383632e-01   0.0000000e+00   2.9127113e-01  -4.0042481e-02   3.3606042e-03   4.7958619e-02  -6.0631420e-02   1.2983822e-01  -3.0630750e-02  -1.1710648e-01   2.8700118e-01  -1.0787314e-01  -6.6507794e-02   7.3375126e-02  -5.8251246e-02  -7.1501743e-02  -1.4171345e-01  -2.2433624e-01  -1.6980967e-01   5.3264098e-02  -6.5344927e-02  -1.0535555e-01  -7.0126672e-02   2.0125819e-01  -2.2716068e-01  -1.9059850e-01  -5.2485555e-02  -2.1031197e-02   1.8342790e-01   1.8936973e-01  -1.4083157e-01  -1.5775468e-01   6.1652717e-02   1.2599800e-02  -2.5453146e-01   1.8919913e-01   1.0428476e-01  -3.3180444e-02  -5.6660774e-02   4.2292438e-02  -1.7473554e-01   8.1214466e-02  -1.1708682e-01  -6.0834284e-02   2.5880287e-01   2.4284196e-02  -6.1514046e-02  -4.2052260e-02   4.4472085e-02   4.1810156e-02  -1.8664709e-01  -1.0028731e-01  -1.8745375e-01   7.2537052e-02  -1.8236351e-01  -1.4216471e-01  -2.9768690e-02   1.7442663e-01  -2.3878757e-01  -2.0114926e-01  -7.7453984e-02   1.4898182e-01   1.7913236e-01   1.1918775e-01   5.1141710e-02
  -1.1002216e-02  -2.1742471e-01  -9.5309898e-02  -1.1749149e-01   2.9127113e-01   0.0000000e+00   1.4917498e-01   6.4756917e-02   4.9261427e-02  -1.0826731e-01   3.2218710e-02  -1.0180039e-01   7.4144851e-03   3.1416924e-01  -6.4761647e-02  -1.1476062e-02   2.8348977e-01  -1.1334482e-01  -3.2629171e-01  -2.1467435e-02  -8.0523190e-02  -3.7839161e-02  -3.8281072e-02   1.8227915e-02   1.7814309e-02  -1.0122939e-01   1.9246105e-01  -2.6180583e-02  -2.5589546e-01   2.3701775e-01   1.2529501e-02  -5.5732595e-02   2.2814187e-01  -1.4483101e-01  -2.0267430e-01   6.5317933e-02   3.3385836e-02  -1.8484802e-01   2.3331161e-01   2.9966900e-01   1.0439575e-01  -2.2430266e-03  -7.0628564e-02  -2.0289369e-02  -1.3328922e-01  -1.2644066e-01  -1.3896477e-01   3.5755765e-01  -3.6429950e-02  -3.3847857e-02   1.6936770e-01  -4.0772648e-02   1.9269714e-02   4.3696170e-02  -1.2243588e-03  -1.5038260e-01   1.5813679e-02  -1.6780017e-02  -9.2383161e-02  -6.9097990e-02   1.2905258e-01  -7.2502462e-02  -1.6202343e-01   6.2322014e-02   5.1252823e-02  -3.8000520e-02   1.2504740e-01  -4.2253821e-02
  -3.0843652e-01  -2.5819954e-01  -3.7352106e-02   1.3099099e-01  -4.0042481e-02   1.4917498e-01   0.0000000e+00  -1.4115402e-01   5.4180831e-02   8.3181819e-02  -1.3991026e-01  -1.2294533e-01   2.8757743e-01   1.4000411e-02  -7.0543447e-03  -7.0208697e-02   7.4538726e-02  -9.5437763e-02  -1.3229221e-02  -1.8555053e-01  -4.1036311e-02   1.6505825e-01  -3.1619663e-01   3.9190187e-01   1.2629547e-01   8.4994821e-02   2.1874811e-02   4.6254567e-01   5.3429514e-02   2.8801022e-01  -1.4476412e-01  -4.9393370e-02   1.3808531e-01   9.2690840e-02  -1.5873154e-01  -3.0920817e-02   3.4068923e-02   4.5068867e-02   8.1544467e-03   1.3256998e-01   5.1296652e-01  -6.6802595e-02  -3.4214756e-02   1.2538091e-01  -8.0738071e-02  -9.6761530e-02   4.3616799e-02  -2.9786715e-02  -1.3184873e-01   3.2056792e-02  -5.3296546e-02  -8.8190794e-02  -6.0477880e-02  -1.6453332e-01   1.4018386e-01   2.6778600e-01  -2.4309722e-01   2.7972914e-01   1.7937380e-01   2.0416653e-01   9.0150419e-02   3.3150505e-01  -4.2126803e-02   2.6520892e-01  -1.1099471e-01  -1.6229897e-02   1.1932381e-01   7.2820618e-02
   1.5719242e-01   1.9284066e-01   1.5299959e-03  -1.7408880e-01   3.3606042e-03   6.4756917e-02  -1.4115402e-01   0.0000000e+00   3.4703952e-01   1.5435866e-02   2.0494355e-01  -6.6681028e-02  -2.0824999e-01  -6.2043062e-02   1.8392723e-01  -3.8917239e-02  -6.2873102e-02  -6.6005540e-02  -7.6101545e-03  -1.7269037e-01  -1.8805979e-01  -1.9263429e-02   5.7421156e-02  -1.7466433e-01  -8.8901180e-02  -2.2175482e-02   1.4090057e-02  -2.6075317e-01  -1.3825138e-01  -6.7275967e-02   2.4495380e-01  -1.2236468e-02  -3.3684494e-02  -2.7484055e-01   1.1086976e-01   2.1865119e-01   4.1023933e-02  -1.4079115e-01  -1.3848310e-01  -5.7448502e-02  -6.7741125e-02   4.5791232e-01   1.5860511e-01  -5.3762251e-02   9.7992195e-02  -1.0776373e-01  -6.3845629e-02  -1.3322013e-01   2.5601098e-01  -1.3156774e-01  -1.9073879e-02  -2.2234844e-01   4.5554540e-02  -7.0861182e-02  -6.7361366e-02  -8.4956655e-02  -7.1662597e-02  -1.0828855e-01  -1.2456328e-01  -1.8681345e-02  -1.1596867e-01  -1.9522110e-01  -2.0035148e-02  -2.0312902e-01   1.9341885e-01  -3.9302821e-04  -1.1355986e-01  -2.6099347e-01
   3.0461033e-02   6.4815601e-02   1.3704619e-01  -1.6782102e-01   4.7958619e-02   4.9261427e-02   5.4180831e-02   3.4703952e-01   0.0000000e+00  -8.4208338e-02  -1.3238902e-02  -5.3277232e-02  -1.0754778e-01  -1.0875188e-01   7.9251747e-02  -1.3068797e-01  -9.3945777e-02  -4.6661550e-02  -6.0423873e-02  -9.5171429e-02  -2.8509998e-01  -2.2290941e-02   6.2733527e-02  -1.5083048e-01   3.1136414e-02  -8.0741076e-03  -6.2599301e-02  -1.2047078e-01  -1.3177649e-01  -4.8277649e-02   1.3838827e-01   2.5226770e-02  -1.0405563e-01  -1.6599726e-01   2.0743658e-02   1.4130950e-01   1.4536197e-01  -1.1168326e-02   4.0610056e-02  -1.4900765e-01  -2.6389543e-03   1.8619052e-01   3.1353732e-01  -6.9382208e-03  -5.4694191e-02  -3.4505076e-02   6.3782894e-02  -2.3699897e-01   8.6803972e-02  -2.0581636e-01   3.4770527e-02  -2.7101476e-01   7.0771272e-02  -2.2795003e-01  -1.1839292e-01   8.2828434e-02  -7.2768506e-03   1.3921937e-02   5.6491797e-02   1.2509180e-01  -1.0655931e-01  -9.7842182e-02  -4.6388514e-02  -7.3649814e-02   6.3514154e-02   8.8250967e-02  -1.3723216e-01  -3.8565318e-02
  -1.9235282e-01  -9.1177147e-02  -6.8393955e-02   5.8143727e-02  -6.0631420e-02  -1.0826731e-01   8.3181819e-02   1.5435866e-02  -8.4208338e-02   0.0000000e+00  -1.7249784e-01  -1.4141119e-01  -2.6350670e-03   1.9571333e-02  -1.8515057e-01   5.4037089e-01  -4.3609886e-02  -7.7423929e-02  -7.0806420e-02   6.3253056e-02  -5.7346602e-02   6.0276008e-02  -1.5812958e-01   1.8040853e-01  -1.6365662e-01  -8.1698735e-02   1.4181440e-01   2.3709846e-01   9.3135843e-02   7.3597850e-02  -2.7514399e-01  -1.3503380e-01   2.0412743e-01   4.3446184e-02   1.0134456e-02  -6.9882316e-02  -1.4725399e-01   2.5127303e-02  -2.6536509e-01   5.2393666e-02   2.4933685e-01   7.1644975e-02   9.5671139e-02   5.0033373e-01  -1.8720200e-01  -1.5165994e-01   2.6038121e-02   7.0126876e-02  -8.5096565e-02   5.4492165e-01   8.4818841e-02  -1.1622374e-01  -1.0854788e-01  -6.0322246e-02   5.1007075e-02  -5.7783337e-02  -6.9537488e-02   6.4060056e-02  -4.5368904e-02   1.5827979e-01   1.2205889e-01   2.5010908e-01   1.2928508e-01   2.0326856e-01  -1.4425930e-01  -1.2740568e-01   1.7835411e-01  -2.5977776e-02
   1.9631416e-01   1.2284958e-01  -7.9325335e-02  -1.6560555e-01   1.2983822e-01   3.2218710e-02  -1.3991026e-01   2.0494355e-01  -1.3238902e-02  -1.7249784e-01   0.0000000e+00  -2.4659283e-02   7.4343441e-02   1.3325387e-01   2.9704947e-01  -2.1096085e-01   8.1547525e-02   1.0636568e-01  -2.3266178e-03  -5.7042491e-02  -1.7906208e-02  -3.2214639e-01  -7.0054493e-02  -3.8558423e-02   1.1080213e-02  -3.1235810e-02   2.9838361e-01  -1.6974328e-01  -3.0740188e-01  -1.0012656e-01   3.5470028e-01   1.6613131e-02  -2.8791426e-02  -1.2213861e-01   5.2377510e-02  -5.4837480e-02  -7.9748636e-02  -1.1033410e-01   1.4097611e-01   5.4919723e-02  -1.9713911e-01  -3.3892684e-02  -1.6076206e-01  -1.9100653e-01   3.7294394e-01  -2.5872606e-02  -9.9684355e-03   5.3244703e-02   3.5364862e-03  -2.0470911e-01   4.4625568e-02   2.5352319e-02  -5.2091961e-02  -2.7208674e-02  -1.7791327e-01  -1.7070433e-01  -5.6413052e-02  -1.9132880e-01  -1.0434463e-01  -1.0799052e-01   1.5360718e-01  -1.8501361e-01  -1.1693532e-01  -2.5764905e-01   1.8143582e-01  -5.6597842e-03  -5.3002083e-02  -3.3907571e-02
   2.0621851e-01   8.9751483e-02   1.2131645e-02   2.2485932e-02  -3.0630750e-02  -1.0180039e-01  -1.2294533e-01  -6.6681028e-02  -5.3277232e-02  -1.4141119e-01  -2.4659283e-02   0.0000000e+00  -1.8602456e-01  -1.6911692e-01   4.2044624e-02  -1.0401487e-01  -2.0153604e-01  -8.8893565e-02  -2.7572161e-02  -3.0760980e-01  -1.5910385e-02  -9.8285738e-02   5.3984800e-03  -1.3029468e-01  -8.2568297e-02  -1.0421070e-01  -3.1360911e-01  -1.1318613e-01   3.6235699e-02  -1.6419804e-01  -9.2763044e-02   1.6515715e-01  -2.5013509e-01  -3.6643365e-02   5.2260282e-02   6.2045719e-02   1.0224773e-01   7.3166009e-02   4.2635853e-02  -3.2833491e-02  -9.3147138e-02  -7.1498375e-02  -8.7389646e-02  -2.0533104e-01  -5.9151930e-02   6.6831214e-01   1.4059759e-01  -7.3575360e-03  -2.0809878e-02  -9.0969614e-02  -5.6840848e-02  -8.4742708e-02  -2.0585593e-02   5.0343455e-02   1.3924867e-02  -6.4765376e-02   2.1579373e-03  -1.5354214e-01   2.4243773e-02  -1.1280209e-01  -3.4852749e-01  -7.8207267e-02   4.8417776e-02  -5.7656070e-02  -1.2285141e-01   2.2885846e-01  -2.6791593e-01  -9.8176747e-03
  -1.0379035e-01  -1.7354979e-01   6.2126436e-02  -7.5073854e-02  -1.1710648e-01   7.4144851e-03   2.8757743e-01  -2.0824999e-01  -1.0754778e-01  -2.6350670e-03   7.4343441e-02  -1.8602456e-01   0.0000000e+00  -2.9215500e-02  -2.9250936e-02  -9.7639604e-02   6.6018130e-02  -3.5253872e-02   6.0916128e-02  -1.5618749e-02   2.1720401e-01  -3.1776752e-02  -1.6034818e-01   1.1836859e-01   1.5709709e-01   2.0701898e-01   2.8108603e-02  -1.9996937e-02  -1.1505434e-01   2.9950379e-01   1.3318339e-01   1.6656493e-02  -4.5944620e-02   1.5298708e-01   8.4307780e-02  -1.4973733e-01   3.0840846e-02  -1.6997929e-01  -1.4173178e-01   2.9648321e-02   2.2803090e-01  -1.1294388e-01   1.3326298e-02   8.2287157e-03   1.6264306e-03  -2.0966246e-01   2.7731411e-01  -2.5978476e-02  -9.5751375e-02  -3.7700005e-02   1.0876207e-01  -7.4470185e-02  -3.4032230e-03   3.2836732e-02   1.6963107e-01  -5.9381541e-02  -1.0889594e-01   2.6022216e-02   1.3008292e-01   1.9028499e-01   4.6593626e-02   4.4900157e-02  -1.1708165e-01   6.1184909e-02   4.9620763e-02  -2.8258631e-02   2.2166641e-02   1.1513753e-01
  -1.6128160e-01  -1.5228140e-01  -2.2619417e-01  -2.5286705e-01   2.8700118e-01   3.1416924e-01   1.4000411e-02  -6.2043062e-02  -1.0875188e-01   1.9571333e-02   1.3325387e-01  -1.6911692e-01  -2.9215500e-02   0.0000000e+00  -1.3833029e-01  -7.3759948e-03   3.5174285e-01   1.3017934e-01  -7.9059106e-02  -6.1273429e-02  -1.2638865e-01  -3.4213325e-01  -9.6977357e-02   1.5039218e-01  -2.6370487e-02  -1.2290977e-01   3.7404983e-01   4.5629646e-02  -1.0225641e-01   1.2242688e-01  -1.0169442e-01   4.2286703e-02   3.9225091e-01  -2.4589154e-02  -2.0883661e-01  -1.4113634e-01   1.4321977e-01  -2.4977337e-01   1.8201123e-01   1.9168798e-01   5.2862824e-02  -7.8879469e-02  -2.5072306e-01   3.3286696e-02  -1.1022473e-01  -2.3072959e-01  -2.7245811e-02   6.3442385e-01  -1.7328458e-01   3.0538719e-02   2.0470514e-01   9.4198241e-02   1.3243801e-01  -1.3465729e-01   3.7936602e-02  -2.2541880e-01   2.1642782e-02   2.9144400e-02  -8.6141745e-02  -6.3684197e-02   3.9051305e-01  -6.1303516e-02  -5.9954533e-02   6.1748307e-02  -5.5303303e-02   8.0312015e-02   3.6512127e-01  -9.2660720e-02
   1.6548866e-01   2.3296625e-01  -1.2021585e-01  -5.5614147e-02  -1.0787314e-01  -6.4761647e-02  -7.0543447e-03   1.8392723e-01   7.9251747e-02  -1.8515057e-01   2.9704947e-01   4.2044624e-02  -2.9250936e-02  -1.3833029e-01   0.0000000e+00  -1.8384733e-01  -1.4785496e-01   8.5279247e-02  -4.6321912e-03  -2.0672094e-01  -1.8699767e-01  -1.2151216e-01  -1.9446750e-02  -1.0162125e-01  -3.5924436e-02  -1.2221312e-02   6.2513703e-02  -1.0191900e-01   1.9045647e-02  -1.2693312e-01   4.6691468e-01  -5.7197369e-02  -2.0565653e-01  -1.3658249e-01  -4.2885531e-02   1.4783301e-01  -1.0475310e-01  -8.2696356e-03  -2.5552654e-01  -1.4650128e-01  -1.5451507e-01  -2.0820399e-02  -1.3641442e-01  -1.2653498e-01   2.1146734e-01   4.0453426e-02  -1.4200812e-01  -1.9834394e-01   3.1752837e-01  -1.8971237e-01  -1.5423610e-01   1.5282944e-02   1.9072500e-02  -1.7795431e-01  -1.8752618e-01  -4.9072241e-02  -6.3045895e-02  -3.0949959e-02  -7.0273275e-02  -1.2545923e-01  -7.2852916e-02  -4.4294825e-02   1.2301301e-02  -2.2225796e-01   2.7966135e-01  -2.6269563e-02  -2.0069621e-01  -1.1539663e-01
  -6.6723717e-02  -7.9686367e-02  -1.2040837e-01   3.9570059e-02  -6.6507794e-02  -1.1476062e-02  -7.0208697e-02  -3.8917239e-02  -1.3068797e-01   5.4037089e-01  -2.1096085e-01  -1.0401487e-01  -9.7639604e-02  -7.3759948e-03  -1.8384733e-01   0.0000000e+00   9.3997083e-02  -1.3053737e-01  -1.0355644e-01   2.5469472e-01   8.1734948e-02   3.0750469e-02  -1.1561284e-01  -4.1516573e-02  -2.0595283e-01  -9.0737079e-02  -4.0542883e-02   1.3709285e-01   1.7539118e-01   1.5203324e-01  -1.9711658e-01  -2.3891499e-01   2.8710514e-01   3.5215374e-02  -2.8844368e-02  -5.5032932e-02  -2.7430387e-01  -5.5978826e-02   2.9340125e-03   4.6864622e-02  -1.6665956e-02   4.8066293e-03  -3.7588910e-02   3.7524737e-01  -9.4569408e-02  -7.9871663e-02  -4.9311012e-02   1.0978557e-02   4.6840529e-02   7.4145041e-01   1.4887067e-01   2.4247616e-02  -2.4443427e-01   2.1600725e-01  -2.1714351e-03  -7.7660092e-03  -5.4393204e-02  -1.6292321e-01  -1.7101046e-01  -3.6163651e-02   3.8055157e-02   3.5401833e-03  -4.9804571e-02   8.0508829e-02  -1.0824429e-01  -2.9290041e-01   2.8339128e-01   1.9060328e-03
   1.5586158e-01  -2.2906053e-01  -7.3455015e-02  -7.5450421e-02   7.3375126e-02   2.8348977e-01   7.4538726e-02  -6.2873102e-02  -9.3945777e-02  -4.3609886e-02   8.1547525e-02  -2.0153604e-01   6.6018130e-02   3.5174285e-01  -1.4785496e-01   9.3997083e-02   0.0000000e+00  -9.5569970e-02  -9.9141837e-02   1.3755653e-01   1.0874543e-01  -1.1896031e-01  -5.7884991e-02   1.0633685e-01   1.2390711e-01   1.2900085e-01   1.1426338e-01  -1.5106926e-02  -5.8227346e-03   1.5086074e-01  -9.2147519e-02   3.1067946e-02   3.4284298e-01   7.1989787e-02   6.5076725e-03  -9.5901148e-02  -1.3042005e-02  -1.1745197e-01   3.3561551e-02   2.6875922e-01   6.8057231e-03  -9.1411745e-02  -1.3411176e-01   1.1290320e-02   2.4809926e-03  -1.5409710e-01   1.2758781e-02   1.9237653e-01  -1.3681200e-01   1.2283085e-01   2.8816519e-01  -4.0732555e-02  -1.5402244e-01   3.5802325e-02   8.5171405e-02  -1.5294620e-01  -1.4692748e-01  -7.6188355e-02  -4.2215013e-02  -2.4254065e-02   1.6304291e-01  -1.1654764e-01   5.4709676e-02   3.0946258e-02  -6.4219795e-02  -5.0952361e-02   2.9604739e-01   4.5332130e-02
  -7.4622918e-02   1.2082705e-01  -7.8435770e-02   6.2589395e-02  -5.8251246e-02  -1.1334482e-01  -9.5437763e-02  -6.6005540e-02  -4.6661550e-02  -7.7423929e-02   1.0636568e-01  -8.8893565e-02  -3.5253872e-02   1.3017934e-01   8.5279247e-02  -1.3053737e-01  -9.5569970e-02   0.0000000e+00   6.0068677e-02  -1.8455786e-05  -1.6973203e-01  -6.5873233e-02  -2.3375124e-01  -8.3529707e-02  -2.8020943e-01  -1.2631147e-01   1.0090985e-01  -6.0730197e-02  -3.7070689e-02  -1.7729985e-01   2.1468778e-01   4.2181200e-02  -6.6959981e-02   1.0131907e-01  -1.4005215e-01   1.4067363e-02  -9.5660438e-02   5.9732631e-02   3.7966114e-02  -1.6952271e-01  -1.1491440e-01   1.2680930e-02  -8.6099069e-02   1.0281558e-01  -1.0876366e-01  -1.8430997e-02  -1.9123753e-01   3.9781939e-02   5.0240028e-02  -1.0410512e-01  -5.1181011e-02   1.9505370e-01  -5.6228660e-02  -3.7625900e-02  -1.9728693e-01   6.0700461e-02  -1.7807841e-01   2.9130666e-02  -2.0980603e-01  -1.1074921e-01   1.5113933e-01   1.5157724e-02   3.1606649e-02  -1.6844185e-01   1.2889177e-01   4.3736333e-02   1.7470570e-03   6.8782509e-02
  -8.4221530e-02   1.1984830e-01   6.0831450e-03  -1.0906319e-01  -7.1501743e-02  -3.2629171e-01  -1.3229221e-02  -7.6101545e-03  -6.0423873e-02  -7.0806420e-02  -2.3266178e-03  -2.7572161e-02   6.0916128e-02  -7.9059106e-02  -4.6321912e-03  -1.0355644e-01  -9.9141837e-02   6.0068677e-02   0.0000000e+00  -3.7631351e-02   1.2211273e-01   1.8180931e-02   6.8443820e-02  -7.3488711e-02   1.1155195e-01   1.3223820e-01  -1.0596849e-01   4.4291837e-02   3.0434046e-02  -1.3791066e-01  -3.3442008e-02   1.2930005e-01  -3.5082486e-02  -9.6253301e-02   4.6213024e-02  -1.1790621e-01   7.0537736e-02  -1.9151010e-01  -1.5792059e-01  -1.7447015e-01  -9.0636998e-02  -2.3635500e-03   7.0112330e-02  -3.3454263e-02  -3.2710912e-02   4.6352775e-02  -2.4614969e-02  -2.0856917e-01  -1.4272328e-01  -7.9366564e-02  -1.9064087e-01  -1.5958518e-01   9.0115590e-02   1.9093840e-02  -9.7786037e-04  -2.5336297e-02  -2.8515368e-02  -9.1562106e-02   1.7570011e-02   1.0777586e-01  -6.7464486e-02  -6.3811695e-02  -4.0430116e-02  -4.7319013e-02  -1.1497440e-01   1.0826475e-01  -1.3303804e-02   6.5267354e-03
  -8.1128795e-02  -3.1438425e-02   2.1701499e-02   1.4837995e-01  -1.4171345e-01  -2.1467435e-02  -1.8555053e-01  -1.7269037e-01  -9.5171429e-02   6.3253056e-02  -5.7042491e-02  -3.0760980e-01  -1.5618749e-02  -6.1273429e-02  -2.0672094e-01   2.5469472e-01   1.3755653e-01  -1.8455786e-05  -3.7631351e-02   0.0000000e+00   2.7007960e-01   1.4522733e-01  -7.0434102e-02  -4.6797311e-02   2.1569196e-02  -7.1647980e-02  -2.1637556e-02   1.2997528e-01   3.8898231e-02  -1.2871485e-02  -4.3263488e-02  -2.7471176e-01  -2.8727085e-02  -1.2897794e-02   1.4346034e-02  -1.5987135e-01   1.5801489e-02   6.2697930e-02   7.4560343e-02   1.7850375e-01  -1.5989852e-01  -1.8115918e-01  -5.9416304e-02   8.2038277e-02   1.6204581e-02  -1.2048415e-01  -2.9205040e-02  -1.4659498e-01  -6.0066222e-02   1.5677709e-01   5.9403727e-02   5.3595111e-02  -6.3222625e-02   3.0930305e-01   6.9258366e-02   1.0175235e-01  -6.5308959e-02   8.9990480e-02  -4.3037776e-02  -2.9159010e-02  -5.6201640e-02  -3.6060154e-02  -1.5055495e-02   7.5991447e-02  -9.9296053e-02  -2.8216139e-01   2.7119085e-02   1.6231495e-01
   2.1949780e-02  -1.7169893e-01   1.6772202e-01   1.0223936e-02  -2.2433624e-01  -8.0523190e-02  -4.1036311e-02  -1.8805979e-01  -2.8509998e-01  -5.7346602e-02  -1.7906208e-02  -1.5910385e-02   2.1720401e-01  -1.2638865e-01  -1.8699767e-01   8.1734948e-02   1.0874543e-01  -1.6973203e-01   1.2211273e-01   2.7007960e-01   0.0000000e+00   8.7969426e-02  -2.6311470e-02  -3.9567803e-02   1.7778122e-01   2.8091849e-01  -2.5682068e-01   4.4447563e-02   4.6467313e-02   1.5267357e-01  -1.5401618e-01  -1.3830956e-01  -4.9342216e-02  -5.1911261e-02   7.4069580e-02  -1.8487135e-01   1.6103314e-01  -6.0627408e-03  -2.8738216e-02   8.8327182e-02  -1.9281207e-02  -1.5772540e-01  -5.5749773e-02  -7.9088223e-02   8.7479756e-02  -4.9507978e-02   2.4620913e-01  -1.1955365e-01  -1.9012666e-01   1.1846589e-01   3.0888775e-02  -8.5723231e-02   1.2175284e-02   2.7120215e-01   5.0251115e-01   6.1659975e-02  -6.8286218e-02  -1.7712199e-01   2.5661519e-01   1.2849247e-01  -1.6179834e-01   1.8232070e-02   2.4718544e-02   1.1012796e-01  -2.7165236e-01  -1.4002392e-01  -8.3802620e-02   1.6033036e-01
  -7.7145432e-02  -1.6031934e-01   1.6211313e-01   2.8299370e-01  -1.6980967e-01  -3.7839161e-02   1.6505825e-01  -1.9263429e-02  -2.2290941e-02   6.0276008e-02  -3.2214639e-01  -9.8285738e-02  -3.1776752e-02  -3.4213325e-01  -1.2151216e-01   3.0750469e-02  -1.1896031e-01  -6.5873233e-02   1.8180931e-02   1.4522733e-01   8.7969426e-02   0.0000000e+00   8.2654718e-02   8.3141868e-02  -1.2388910e-01   1.0687073e-01  -2.5701835e-01   2.4159808e-01   3.2861170e-01   1.3028612e-01  -1.0639641e-01  -4.9812625e-02  -1.2768717e-01   1.3236732e-01   9.1499579e-03  -4.7761701e-03  -1.5827599e-01   2.7472156e-01  -1.0069917e-01  -3.8506127e-02   1.5450034e-01  -8.7114575e-02   7.5768622e-02   2.3976575e-01  -3.1966811e-01  -8.5782955e-02  -4.9025372e-02  -2.2448907e-01  -3.7624379e-02   3.8689735e-02  -7.8835131e-02  -9.7274989e-02  -3.3099508e-02   5.5066836e-02   6.4867545e-02   5.7520936e-01  -7.6305754e-02   9.5394453e-02  -9.6826187e-02  -4.2987492e-02  -2.3828980e-01   2.9538272e-01   5.4593997e-02   1.4931459e-01  -9.6745542e-02  -1.4688120e-01  -9.7244778e-02   6.1179051e-02
   2.3408683e-02   1.1143256e-02   2.6681241e-03  -2.4519868e-01   5.3264098e-02  -3.8281072e-02  -3.1619663e-01   5.7421156e-02   6.2733527e-02  -1.5812958e-01  -7.0054493e-02   5.3984800e-03  -1.6034818e-01  -9.6977357e-02  -1.9446750e-02  -1.1561284e-01  -5.7884991e-02  -2.3375124e-01   6.8443820e-02  -7.0434102e-02  -2.6311470e-02   8.2654718e-02   0.0000000e+00  -2.3455608e-01   9.9122864e-02   7.8149973e-02  -2.4066808e-02  -2.2618918e-01   4.1856743e-02  -2.3124021e-01  -5.6620249e-03  -6.1284272e-02  -1.5183805e-01  -1.7314866e-01  -5.5423589e-02   7.5412047e-03   2.1022542e-02  -1.1798838e-01   3.3382165e-02  -9.6868355e-03  -3.0151455e-01   5.5531312e-02  -7.9853738e-02  -8.4210645e-02  -3.4972255e-02   2.0167987e-02  -9.7401270e-03  -2.4315616e-02  -7.9197937e-02  -8.0925993e-02  -1.0577974e-01  -9.0076811e-02   4.5008933e-02   1.7872353e-02  -1.1856752e-01   8.1536486e-02   5.7234847e-01  -1.0918742e-01   1.0739098e-02  -1.3380738e-01  -1.1043128e-01  -7.5808086e-02   4.7965962e-02  -1.8018533e-01  -1.1190161e-01  -8.5110431e-02  -1.5885027e-01  -2.9177558e-01
  -2.0254907e-01  -1.3656964e-01  -3.2890698e-02   1.6236523e-01  -6.5344927e-02   1.8227915e-02   3.9190187e-01  -1.7466433e-01  -1.5083048e-01   1.8040853e-01  -3.8558423e-02  -1.3029468e-01   1.1836859e-01   1.5039218e-01  -1.0162125e-01  -4.1516573e-02   1.0633685e-01  -8.3529707e-02  -7.3488711e-02  -4.6797311e-02  -3.9567803e-02   8.3141868e-02  -2.3455608e-01   0.0000000e+00  -1.6084815e-02   4.6413255e-03   1.9341241e-01   5.2451300e-01   6.9275328e-02   1.9033256e-01  -1.0348841e-01  -6.4766272e-02   2.2662690e-01   1.1209181e-01  -1.1492311e-01  -2.7403779e-01  -1.5518863e-01   4.1639000e-02  -1.3852885e-01   1.4565798e-01   3.8443842e-01  -1.7589395e-01   4.0869099e-03   4.0541921e-02  -1.3074000e-01  -8.0439842e-02   5.0285106e-02   1.3882656e-01  -1.5467182e-01   6.5353784e-02   5.8499740e-02   6.8113590e-02  -7.7867342e-02  -1.0149657e-01   5.3647260e-02   4.7471845e-02  -1.7635014e-01   5.5046789e-01   4.4230589e-02   8.5832022e-02   2.1309314e-01   4.7759382e-01   2.2296430e-02   3.1379391e-01  -1.1448900e-01  -1.1249665e-01   1.2088353e-01   6.8609321e-02
  -7.1912694e-02  -1.0360026e-01   1.1368730e-01  -1.5076123e-01  -1.0535555e-01   1.7814309e-02   1.2629547e-01  -8.8901180e-02   3.1136414e-02  -1.6365662e-01   1.1080213e-02  -8.2568297e-02   1.5709709e-01  -2.6370487e-02  -3.5924436e-02  -2.0595283e-01   1.2390711e-01  -2.8020943e-01   1.1155195e-01   2.1569196e-02   1.7778122e-01  -1.2388910e-01   9.9122864e-02  -1.6084815e-02   0.0000000e+00   3.4238618e-01  -9.0623763e-02  -4.0566716e-02  -8.3316080e-03   4.9807556e-02  -6.3290430e-02  -5.3608637e-02  -2.0366211e-01  -1.1038168e-01   1.4145308e-01   1.4153901e-02   1.3920121e-01  -1.8006701e-01  -4.7142337e-02   3.3355270e-02   8.1816827e-02  -1.0098062e-01  -1.1382705e-01  -2.1323120e-01   1.9049274e-01  -2.0758080e-02   1.1258057e-02  -1.7444938e-01  -1.4394107e-02  -9.6700297e-02  -4.5652966e-03   4.2524978e-02   6.4699114e-02   3.3562643e-02   1.0880017e-01  -1.1141492e-02   5.2236595e-02  -1.0096322e-01   4.7818394e-01   3.2062034e-01  -1.7071988e-01  -6.0034275e-02  -2.4866648e-02   9.5891799e-03   3.0951791e-02  -1.0208958e-01  -8.1571189e-02  -1.1024994e-01
  -8.9212697e-02  -1.3300185e-01   2.2814460e-01  -1.8090540e-01  -7.0126672e-02  -1.0122939e-01   8.4994821e-02  -2.2175482e-02  -8.0741076e-03  -8.1698735e-02  -3.1235810e-02  -1.0421070e-01   2.0701898e-01  -1.2290977e-01  -1.2221312e-02  -9.0737079e-02   1.2900085e-01  -1.2631147e-01   1.3223820e-01  -7.1647980e-02   2.8091849e-01   1.0687073e-01   7.8149973e-02   4.6413255e-03   3.4238618e-01   0.0000000e+00  -1.5748845e-01  -1.4278110e-01   4.1479311e-02   2.1190372e-02   3.8942406e-02  -1.7409206e-02   2.4429366e-02  -2.4644722e-02   4.0969691e-02   4.1852918e-02  -3.9073698e-02  -1.3992310e-01  -7.1578328e-02  -2.4789064e-01   1.2199677e-01  -7.8117615e-02   1.3881467e-01  -8.4561161e-02   8.5938518e-02  -1.2058277e-01   2.0770794e-01  -2.7484522e-01  -5.9968425e-02  -1.0619341e-01  -2.0403848e-02  -1.6688591e-01   2.9776974e-02   1.8518681e-01   1.7571386e-02   9.2226024e-02  -3.3126781e-02  -8.8402555e-02   2.3135755e-01   3.2140395e-01  -1.6738112e-01  -1.1610170e-01  -1.8844835e-02  -5.0097545e-02  -1.3505826e-01  -1.1850816e-01  -1.3178531e-02  -1.8889611e-03
  -8.4005976e-02  -2.8855947e-02  -3.0416949e-01  -1.3642028e-01   2.0125819e-01   1.9246105e-01   2.1874811e-02   1.4090057e-02  -6.2599301e-02   1.4181440e-01   2.9838361e-01  -3.1360911e-01   2.8108603e-02   3.7404983e-01   6.2513703e-02  -4.0542883e-02   1.1426338e-01   1.0090985e-01  -1.0596849e-01  -2.1637556e-02  -2.5682068e-01  -2.5701835e-01  -2.4066808e-02   1.9341241e-01  -9.0623763e-02  -1.5748845e-01   0.0000000e+00   1.1828217e-01  -3.1874939e-01   1.4796272e-02   9.1173698e-02  -1.1150629e-01   3.4920447e-01  -1.3725300e-01  -1.5071744e-01  -1.6041348e-01  -1.4715480e-01  -2.7645457e-02   7.6358460e-02   1.3890695e-01   1.5518651e-01  -4.3505145e-02  -2.7559492e-04   1.1496282e-01   7.2087751e-02  -3.2917828e-01  -4.5272697e-02   3.8158912e-01  -2.2756700e-01  -5.4968471e-02   1.1901452e-01   1.5049879e-01  -2.5781808e-02  -1.9162318e-01  -1.3896964e-01  -1.9247247e-01   3.3382617e-02   1.6712374e-01  -1.1715837e-01   8.8609435e-02   7.4245343e-01   1.2509423e-01  -1.1847926e-01   1.0623840e-01   4.7069034e-02  -1.8665826e-01   3.2781279e-01  -1.3427379e-01
  -3.3496947e-01  -1.7129924e-01  -1.1516773e-01   3.4708817e-01  -2.2716068e-01  -2.6180583e-02   4.6254567e-01  -2.6075317e-01  -1.2047078e-01   2.3709846e-01  -1.6974328e-01  -1.1318613e-01  -1.9996937e-02   4.5629646e-02  -1.0191900e-01   1.3709285e-01  -1.5106926e-02  -6.0730197e-02   4.4291837e-02   1.2997528e-01   4.4447563e-02   2.4159808e-01  -2.2618918e-01   5.2451300e-01  -4.0566716e-02  -1.4278110e-01   1.1828217e-01   0.0000000e+00   1.4484992e-01   2.1661608e-01  -2.7417584e-01  -1.6862765e-01   2.8113215e-01   1.7987279e-01  -1.8724595e-01  -1.9521733e-01  -1.4665059e-01   2.6796896e-01  -8.5969314e-02   1.5024012e-01   3.8852924e-01  -1.0226491e-01  -5.0391745e-02   2.9902870e-01  -2.5265114e-01  -5.3310638e-02  -7.6486998e-02   5.5924524e-02  -1.9429072e-01   2.1632256e-01   2.5455918e-02  -6.5711656e-02  -3.2055604e-02  -1.3342662e-01   5.3945567e-02   3.2546903e-01  -2.2494035e-01   4.9570511e-01  -1.7525574e-03  -7.0545698e-02   1.1363571e-01   6.9774631e-01   3.6492792e-02   3.7358517e-01  -2.7032466e-01  -1.5411379e-01   1.5174127e-01  -3.2846715e-02
  -6.5417455e-02   8.5808729e-03  -6.6790747e-04   2.6962657e-01  -1.9059850e-01  -2.5589546e-01   5.3429514e-02  -1.3825138e-01  -1.3177649e-01   9.3135843e-02  -3.0740188e-01   3.6235699e-02  -1.1505434e-01  -1.0225641e-01   1.9045647e-02   1.7539118e-01  -5.8227346e-03  -3.7070689e-02   3.0434046e-02   3.8898231e-02   4.6467313e-02   3.2861170e-01   4.1856743e-02   6.9275328e-02  -8.3316080e-03   4.1479311e-02  -3.1874939e-01   1.4484992e-01   0.0000000e+00  -9.3507437e-02  -1.4720694e-01  -6.3750986e-02  -1.4399291e-01   2.5345340e-01   5.7605084e-02   9.0743760e-03  -1.7515474e-01   1.8017158e-01  -1.6258572e-01  -4.0145509e-02  -2.0492256e-02  -2.6710986e-01  -9.3982096e-02   1.6915727e-01  -1.7220463e-01   1.0309297e-02  -2.4423436e-02  -3.4394074e-02   4.7401601e-02   2.0356369e-01  -1.0505912e-01  -6.9119227e-03  -1.5856593e-01   6.4054427e-02   1.1835355e-01   2.1693806e-01  -3.8239574e-02  -6.1264793e-02  -3.9159688e-02  -6.1755069e-02  -2.2346127e-01   6.7259865e-02   3.9655621e-01   4.2629685e-02  -9.5288837e-02  -1.3824431e-01  -7.9740417e-03   6.0342426e-02
  -1.4115091e-01  -1.6447566e-01   8.8868112e-03   7.2153892e-02  -5.2485555e-02   2.3701775e-01   2.8801022e-01  -6.7275967e-02  -4.8277649e-02   7.3597850e-02  -1.0012656e-01  -1.6419804e-01   2.9950379e-01   1.2242688e-01  -1.2693312e-01   1.5203324e-01   1.5086074e-01  -1.7729985e-01  -1.3791066e-01  -1.2871485e-02   1.5267357e-01   1.3028612e-01  -2.3124021e-01   1.9033256e-01   4.9807556e-02   2.1190372e-02   1.4796272e-02   2.1661608e-01  -9.3507437e-02   0.0000000e+00  -1.4541576e-01  -1.0423647e-01   1.5738892e-01  -6.1916436e-02  -5.9766625e-02  -3.6996072e-02   2.3952026e-03  -6.6929998e-02  -6.2560026e-02   5.8185487e-02   3.1714901e-01  -1.9973931e-02   7.2273482e-02   1.2517275e-01  -2.8552760e-02  -2.5158223e-01   1.2958735e-01   9.1038128e-02  -1.1601785e-01   1.9729538e-01   1.7073462e-01  -1.2945240e-02   4.4154219e-02   5.0134090e-03   1.8235219e-01  -8.6910689e-02  -1.6336160e-01   1.0334115e-01   3.4591255e-02   3.8087247e-02   4.0842542e-02   2.3833035e-01  -1.8352681e-01   4.0704650e-01  -1.4801354e-01  -1.6789614e-01   2.0917229e-01  -2.7892697e-02
   1.2677296e-01   2.8728986e-02   6.2462492e-02  -6.0327687e-02  -2.1031197e-02   1.2529501e-02  -1.4476412e-01   2.4495380e-01   1.3838827e-01  -2.7514399e-01   3.5470028e-01  -9.2763044e-02   1.3318339e-01  -1.0169442e-01   4.6691468e-01  -1.9711658e-01  -9.2147519e-02   2.1468778e-01  -3.3442008e-02  -4.3263488e-02  -1.5401618e-01  -1.0639641e-01  -5.6620249e-03  -1.0348841e-01  -6.3290430e-02   3.8942406e-02   9.1173698e-02  -2.7417584e-01  -1.4720694e-01  -1.4541576e-01   0.0000000e+00  -1.8936183e-01  -1.5479095e-01  -1.4574500e-01  -7.8024361e-02   1.6282296e-01  -1.3572918e-01  -1.2947887e-01  -4.9225072e-02  -2.7018842e-01  -1.6491820e-01   6.3013396e-02  -8.0829595e-02  -2.0109877e-01   2.1619153e-01  -1.0133306e-01  -9.2463510e-02  -1.3930416e-01   4.2306950e-01  -2.9559423e-01  -7.5930282e-02   1.1237100e-01  -8.9825845e-02   2.7073624e-02  -4.0545294e-01  -1.5752751e-01  -1.9176957e-02  -2.6361487e-02  -8.9723659e-02  -2.2013963e-02   3.4589385e-03  -1.4780002e-01  -1.5714075e-01  -3.1925306e-01   4.3610268e-01  -9.8943680e-02  -2.4055856e-01  -8.4441803e-02
   1.5296702e-01   1.0903498e-01  -1.0410584e-01   2.4734253e-02   1.8342790e-01  -5.5732595e-02  -4.9393370e-02  -1.2236468e-02   2.5226770e-02  -1.3503380e-01   1.6613131e-02   1.6515715e-01   1.6656493e-02   4.2286703e-02  -5.7197369e-02  -2.3891499e-01   3.1067946e-02   4.2181200e-02   1.2930005e-01  -2.7471176e-01  -1.3830956e-01  -4.9812625e-02  -6.1284272e-02  -6.4766272e-02  -5.3608637e-02  -1.7409206e-02  -1.1150629e-01  -1.6862765e-01  -6.3750986e-02  -1.0423647e-01  -1.8936183e-01   0.0000000e+00  -9.4424435e-02   1.1743446e-01   1.9120439e-01   6.1953121e-02   7.4618372e-02  -3.9207369e-02  -2.9732070e-02  -5.3958021e-02  -1.7381242e-03   5.2812078e-02   1.3463109e-01  -1.7294205e-01  -1.1546486e-01   9.9419142e-02   4.7088480e-03   7.0289855e-02  -9.5793526e-02  -1.4227598e-01   3.1428482e-02   4.3878760e-02   1.0012449e-01  -1.8221511e-01   4.3122809e-02   5.6955986e-02  -6.8085423e-02  -9.3267917e-02  -6.9752346e-02  -8.8979714e-02  -1.0390519e-01  -2.3701109e-01   4.8785300e-02  -1.6122460e-01  -9.1642281e-02   6.6772276e-01  -5.7474162e-02   8.0700172e-02
  -1.3501748e-01  -1.8489248e-01  -1.4426846e-01  -2.6477307e-02   1.8936973e-01   2.2814187e-01   1.3808531e-01  -3.3684494e-02  -1.0405563e-01   2.0412743e-01  -2.8791426e-02  -2.5013509e-01  -4.5944620e-02   3.9225091e-01  -2.0565653e-01   2.8710514e-01   3.4284298e-01  -6.6959981e-02  -3.5082486e-02  -2.8727085e-02  -4.9342216e-02  -1.2768717e-01  -1.5183805e-01   2.2662690e-01  -2.0366211e-01   2.4429366e-02   3.4920447e-01   2.8113215e-01  -1.4399291e-01   1.5738892e-01  -1.5479095e-01  -9.4424435e-02   0.0000000e+00  -1.4486632e-02  -2.4951370e-01  -1.8206775e-01  -9.5228232e-02   6.3391786e-02   9.4358767e-02   1.7455555e-01   2.3380658e-01  -2.9487578e-02   2.6876890e-02   1.0790859e-01  -8.8935885e-02  -1.2973551e-01  -1.9503814e-01   3.9571000e-01  -2.2351313e-01   3.2652903e-01   1.6185967e-01  -6.9040124e-03  -5.8124464e-02  -8.0165643e-02  -6.6100849e-02  -7.5014674e-02  -1.3779989e-01   1.2229221e-01  -2.1029996e-01  -7.4679175e-02   4.1903224e-01   9.4172258e-02  -1.2416304e-01   1.6528550e-01  -1.1772873e-01  -2.5530930e-02   6.0867031e-01   3.4915803e-03
  -3.9835980e-02  -2.0539823e-01   7.0720691e-02   3.1709218e-01  -1.4083157e-01  -1.4483101e-01   9.2690840e-02  -2.7484055e-01  -1.6599726e-01   4.3446184e-02  -1.2213861e-01  -3.6643365e-02   1.5298708e-01  -2.4589154e-02  -1.3658249e-01   3.5215374e-02   7.1989787e-02   1.0131907e-01  -9.6253301e-02  -1.2897794e-02  -5.1911261e-02   1.3236732e-01  -1.7314866e-01   1.1209181e-01  -1.1038168e-01  -2.4644722e-02  -1.3725300e-01   1.7987279e-01   2.5345340e-01  -6.1916436e-02  -1.4574500e-01   1.1743446e-01  -1.4486632e-02   0.0000000e+00   1.4581646e-01  -6.9076403e-02  -1.4120344e-01   2.5950191e-01  -8.8155063e-02  -4.7262151e-02  -4.3271036e-02  -8.7727391e-02  -6.3133123e-02   1.3955670e-01  -7.6612419e-02   4.2203308e-02  -5.4548184e-02  -9.7123044e-03   1.1330212e-01   3.3203569e-02  -6.6247938e-02  -2.7705182e-02  -2.8434762e-02   1.0362377e-01   8.5699937e-03   1.3754062e-01  -8.9650808e-02   1.0835454e-01  -1.2392555e-01  -1.6942500e-01  -7.5490188e-02   1.3845090e-01   1.6962293e-01   8.0128920e-02   1.3844162e-02   7.8545503e-02   4.1858126e-02   4.3853520e-01
   5.1600859e-01   1.1351619e-01   1.6476494e-01   1.7126382e-01  -1.5775468e-01  -2.0267430e-01  -1.5873154e-01   1.1086976e-01   2.0743658e-02   1.0134456e-02   5.2377510e-02   5.2260282e-02   8.4307780e-02  -2.0883661e-01  -4.2885531e-02  -2.8844368e-02   6.5076725e-03  -1.4005215e-01   4.6213024e-02   1.4346034e-02   7.4069580e-02   9.1499579e-03  -5.5423589e-02  -1.1492311e-01   1.4145308e-01   4.0969691e-02  -1.5071744e-01  -1.8724595e-01   5.7605084e-02  -5.9766625e-02  -7.8024361e-02   1.9120439e-01  -2.4951370e-01   1.4581646e-01   0.0000000e+00   7.3822796e-03  -1.7613741e-02   9.2890801e-02  -1.4880993e-01  -4.3557223e-02  -1.1905608e-01  -3.1723537e-02   6.8265380e-02  -8.3721166e-02   9.9505020e-02   6.7544352e-02  -1.7900589e-02  -1.8047236e-01   1.1324341e-01  -1.4074024e-01   1.0354951e-01  -6.2594778e-03  -1.4383112e-01   1.0343951e-02   7.5919140e-02  -1.4854515e-01  -7.1628214e-02  -6.5700173e-02  -3.9063930e-02   5.2553229e-04  -2.3463201e-01  -1.3553885e-01   7.7471632e-02  -6.6331731e-02   5.7440931e-02   1.0382495e-01  -1.8815608e-01   2.6677950e-02
   6.7227962e-02   1.5279623e-01  -7.3736190e-02  -7.9534675e-02   6.1652717e-02   6.5317933e-02  -3.0920817e-02   2.1865119e-01   1.4130950e-01  -6.9882316e-02  -5.4837480e-02   6.2045719e-02  -1.4973733e-01  -1.4113634e-01   1.4783301e-01  -5.5032932e-02  -9.5901148e-02   1.4067363e-02  -1.1790621e-01  -1.5987135e-01  -1.8487135e-01  -4.7761701e-03   7.5412047e-03  -2.7403779e-01   1.4153901e-02   4.1852918e-02  -1.6041348e-01  -1.9521733e-01   9.0743760e-03  -3.6996072e-02   1.6282296e-01   6.1953121e-02  -1.8206775e-01  -6.9076403e-02   7.3822796e-03   0.0000000e+00  -8.4450586e-02  -7.6639346e-02  -1.3616507e-01  -1.7131846e-01  -8.0656561e-03   3.2162351e-01   1.6769844e-01   1.5529481e-02  -6.3188602e-02  -5.2312049e-02  -2.0224806e-01  -1.9483897e-01   2.9898258e-01  -1.3821250e-01  -5.0130507e-02  -3.7780220e-02  -1.5149103e-01  -1.5087296e-02  -2.5929314e-01  -3.4782613e-02  -4.7069863e-02  -9.3428290e-02  -6.6630716e-02  -4.0943519e-02  -1.4661171e-01  -1.0362122e-01   1.0112362e-01  -1.9941846e-01   1.0163112e-01   1.3160208e-01  -1.4745330e-01  -2.9803495e-02
