0.000000000000000000e+00 2.391844919974824846e-01 7.917788775300781401e-01 4.824979832843231398e-01 6.543952969472122128e-02 6.570238653478052138e-01 9.152133332424299272e-01 9.561400013033819478e-01
2.391844919974824846e-01 0.000000000000000000e+00 9.583213646979827915e-01 5.537665696750105893e-01 7.468724310585198589e-01 3.805432762532323654e-01 5.440420627607065462e-01 1.815759881123589770e-01
7.917788775300781401e-01 9.583213646979827915e-01 0.000000000000000000e+00 2.760060678318897454e-01 5.842112245938108073e-01 2.221849695241238098e-01 3.771154096834024028e-01 8.480663603123963501e-01
4.824979832843231398e-01 5.537665696750105893e-01 2.760060678318897454e-01 0.000000000000000000e+00 2.851440885595717400e-01 5.175904869588258128e-01 3.124759512398473937e-01 1.042695619009104124e-01
6.543952969472122128e-02 7.468724310585198589e-01 5.842112245938108073e-01 2.851440885595717400e-01 0.000000000000000000e+00 3.574991425832534375e-01 1.334645041003483801e-01 4.121592070351174364e-01
6.570238653478052138e-01 3.805432762532323654e-01 2.221849695241238098e-01 5.175904869588258128e-01 3.574991425832534375e-01 0.000000000000000000e+00 1.168053974073381962e-01 3.661377417542344137e-02
9.152133332424299272e-01 5.440420627607065462e-01 3.771154096834024028e-01 3.124759512398473937e-01 1.334645041003483801e-01 1.168053974073381962e-01 0.000000000000000000e+00 3.942286725491476185e-01
9.561400013033819478e-01 1.815759881123589770e-01 8.480663603123963501e-01 1.042695619009104124e-01 4.121592070351174364e-01 3.661377417542344137e-02 3.942286725491476185e-01 0.000000000000000000e+00
